#  Table from 1 till 15.


```python
for i in range(1,11):#for column
    for j in range(1,16):#row 1 to 15
        print(i*j,end=" \t")# mul of row & column
    print("\t")
```

    1 	2 	3 	4 	5 	6 	7 	8 	9 	10 	11 	12 	13 	14 	15 		
    2 	4 	6 	8 	10 	12 	14 	16 	18 	20 	22 	24 	26 	28 	30 		
    3 	6 	9 	12 	15 	18 	21 	24 	27 	30 	33 	36 	39 	42 	45 		
    4 	8 	12 	16 	20 	24 	28 	32 	36 	40 	44 	48 	52 	56 	60 		
    5 	10 	15 	20 	25 	30 	35 	40 	45 	50 	55 	60 	65 	70 	75 		
    6 	12 	18 	24 	30 	36 	42 	48 	54 	60 	66 	72 	78 	84 	90 		
    7 	14 	21 	28 	35 	42 	49 	56 	63 	70 	77 	84 	91 	98 	105 		
    8 	16 	24 	32 	40 	48 	56 	64 	72 	80 	88 	96 	104 	112 	120 		
    9 	18 	27 	36 	45 	54 	63 	72 	81 	90 	99 	108 	117 	126 	135 		
    10 	20 	30 	40 	50 	60 	70 	80 	90 	100 	110 	120 	130 	140 	150 		
    


```python

```
